pf: 1.000000
tlb: 0.004000
