pf: 0.050527
tlb: 0.930200
